开机制冷25度
uint8_t cmd[177] = {    1,0,0,1,0,0,0,0,1,
                            0,0,1,0,0,0,0,0,0,
                            0,0,0,1,0,0,0,0,0,
                            0,1,0,1,0,0,1,0,
                            //20ms
                            0,0,0,0,0,0,0,0,0,
							0,0,0,0,0,0,0,0,0,
                            0,0,0,0,0,0,0,0,0,
                            0,0,0,1,1,
                            //40ms
                            1,0,0,1,0,0,0,0,1,
                            0,0,1,0,0,0,0,0,0,
                            0,0,0,1,0,0,0,0,0,
                            0,1,1,1,0,0,1,0,
                            //20ms
                            0,0,0,0,0,0,0,0,0,
							0,0,0,0,0,0,0,0,0,
                            0,0,0,0,0,0,0,0,0,
                            0,0,0,1,1,
                            //77ms
                            1,0,0,1,0,0,0,0,1,
                            0,0,1,0,0,0,0,0,0,
                            0,0,0,1,0,0,0,0,0,0,
							0,0,0,0,0,0,0,0,
                            1,0,1,0,0,1,0
                            
                            
                            };


关机制冷25度
uint8_t cmd_off[177] = { 1,0,0,0,0,0,0,0,1,
                            0,0,1,0,0,0,0,0,0,
                            0,0,0,1,0,0,0,0,0,
                            0,1,0,1,0,0,1,0,
                            //20ms
                            0,0,0,0,0,0,0,0,0,
							0,0,0,0,0,0,0,0,0,
                            0,0,0,0,0,0,0,0,0,
                            0,0,0,1,0,
                            //40ms
                            1,0,0,0,0,0,0,0,1,
                            0,0,1,0,0,0,0,0,0,
                            0,0,0,1,0,0,0,0,0,
                            0,1,1,1,0,0,1,0,
                            //20ms
                            0,0,0,0,0,0,0,0,0,
							0,0,0,0,0,0,0,0,0,
                            0,0,0,0,0,0,0,0,0,
                            0,0,0,1,0,
                            //77ms
                            1,0,0,1,0,0,0,0,1,
                            0,0,1,0,0,0,0,0,0,
                            0,0,0,1,0,0,0,0,0,0,
							0,0,0,0,0,0,0,0,
                            1,0,1,0,0,1,0
                            
                            
                            
                            
                            };


